0.57373163670795
1.0371372224055
0.26578093893553
0.28089025334327
0.47081631804652
1.0545625420359
0.57890709677607
0.37104027570733
0.65192513090989
1.1769040616574
0.8716949995532
1.3049701456681
0.5246241037369
0.70054995569429
2.5924569910071
0.64357639711797
1.1539613242299
1.0529840916913
0.4799670975955
0.66628324311788
1.0527453134309
1.1179032259201
0.35402815000804
0.94377692445426
0.41099786033133
1.1379490798573
0.35998090018258
0.31097808444983
1.3821616734743
2.3288305318609
1.3615887905088
0.96610847089642
0.89653497779373
0.22349262392837
1.3988876339029
1.0662668423435