1.7709990611651
0.87344683529322
1.2935880581456
0.72102456632454
1.2541120355653
2.4191583417726
0.90400340441952
0.46582800105475
1.7751645088382
1.10049479509
0.68325222487692
1.1995347974676
0.93520323072725
0.13458013860487
0.41294958884963
0.63640911083335
0.99571945548279
4.4984984590396
0.70345599099838
0.50629951178462
0.68050822893224
0.73352206081244
0.85847461767509
1.2957202973516
0.52513877719821
0.050405446796363
0.3598289769181
0.66237402779496
1.189444502392
0.30865378982147
0.48329571480639
0.27344703233905
0.9001188334755
0.65822115797861